10	3095
100	152376
101	121839
102	137455
103	137765
104	125996
105	136380
106	117847
107	118949
108	115473
109	132593
11	6587
110	121043
111	136260
112	132371
113	120652
114	117379
115	117986
116	120139
117	119864
118	112273
119	114081
12	1947
120	133002
121	127407
122	133796
123	115196
124	126744
125	124196
126	116968
127	136250
128	125335
129	136223
13	2983
130	142923
131	141121
132	149441
133	159902
134	169497
135	209329
136	449193
137	302401
138	280740
139	280820
14	3826
140	1491257
141	617891
142	191408
143	40866
144	15989
145	1070
146	577
147	501
148	46
149	42
15	4474
150	19
151	19
152	8
153	5
154	19
155	9
156	11
157	9
158	6
159	10
16	5934
160	13
161	17
162	22
163	6
164	3
165	2
166	1
167	6
168	1
169	3
17	6801
170	7
171	4
172	2
173	3
174	3
175	2
176	3
177	5
178	2
179	3
18	7964
180	5
181	3
182	5
183	2
184	10
185	6
186	5
187	4
188	1
189	2
19	9495
190	2
193	9
194	23
195	4
196	6
197	2
198	3
199	3
20	26501
200	2
201	2
202	3
203	6
205	3
206	7
207	3
208	1
209	44
21	13160
210	1
211	1
212	1
213	1
214	2
215	3
217	2
22	14731
220	1
221	1
222	2
224	2
225	2
226	1
227	1
228	5
229	1
23	16913
231	1
232	2
235	1
237	1
24	19131
242	1
243	2
245	2
248	1
25	21865
250	1
251	1
252	2
253	1
254	1
256	3
26	25003
260	1
261	1
262	1
263	1
264	2
268	3
269	1
27	26905
271	1
272	1
278	1
28	30012
281	1
287	2
29	32902
291	1
293	1
30	34686
305	1
308	1
309	1
31	38018
32	43948
325	1
33	44010
332	1
336	1
34	49833
344	1
349	1
35	48778
359	1
36	54748
37	59735
376	1
38	57514
39	57236
4	1
40	60565
41	63411
42	64786
426	1
43	66375
44	69541
45	70742
46	72807
47	76604
48	78757
483	1
49	79909
50	84266
51	84733
52	93883
53	114913
54	94692
543	1
547	1
55	94286
550	1
551	1
56	96146
57	105863
58	100682
59	102264
60	104524
61	105827
62	108273
63	111213
64	108297
65	112127
66	119797
67	113160
68	117160
69	118918
7	862
70	115574
71	118222
72	123470
73	127326
74	127272
75	122842
76	154151
77	126196
78	126613
79	131750
8	645
80	132084
81	131052
82	123057
83	120673
84	124178
85	128081
86	122559
87	123582
88	129440
89	122527
9	170
90	127926
91	130881
92	119039
93	122272
94	128632
95	131937
96	125349
97	136519
98	133702
987204	1
99	136073
